483.8614479373469 312.7245660598588 457.69948219066174 580.451668597476 269.2384379794108 
280.8168098993239 35.16937388529051 454.532299115167 410.51429281541584 218.56144722863084 
338.86145028228003 557.5781612817833 542.0239061459047 507.3490061062276 79.26643356885626 
475.3198357709478 503.70717056715495 50.52495466317464 109.71098860612807 530.5225646366737 
300.0527377096128 137.39631185718292 605.3393608097185 307.9487608635491 560.6408522416531 
325.04829890244645 85.49090710367949 307.6772942610381 223.3791021142254 196.56482290061496 
275.5674394367582 260.3736190360806 311.5248044873621 604.2465685520331 554.4841148306248 
388.1041668831849 25.587704311219575 556.4202525441278 83.79742041021485 44.28906645584581 
321.20687040551724 456.4331338908043 64.60430478053046 316.38669799510035 294.0953631920323 
352.4261425947518 518.3059729076142 524.9039875168622 43.146634919939714 606.4797243768695 
537.3301947023642 302.3261147367364 432.7962141869108 541.7258756034219 301.9058813933674 
485.55940949385183 525.732559599839 376.0203096929408 308.9836323659232 405.48117790763996 
207.0507640182088 500.7683945363742 609.3960289051769 107.19021961805133 70.94289140596378 
113.49868151309111 599.3514266943661 584.5517371100026 391.01865008663157 362.7776969286839 
62.35504585784269 62.630528112649245 545.35026936418 514.0598388089173 507.6509360562868 
111.60597878999373 417.335144723565 395.0660454054169 601.2788076487535 125.76288729422245 
43.470167747273884 329.28507387709925 35.83933772140975 251.15155046166285 529.1314087798381 
116.19097950701362 535.0616246028674 595.5112013372836 403.4529477772146 566.7708172028805 
39.266779645579945 304.050270540764 334.398543724749 452.9560081194999 267.8211555496233 
234.67735799437753 475.1198710053967 479.5513082146981 604.6731508344972 516.2767054204523 
62.69529473386064 237.25513003102003 603.0671657311873 23.62170297113138 40.34259604358799 
45.36486394219415 555.5286893332627 152.52048414874776 24.19963275333113 542.7610529745897 
525.2139457577514 428.7871557905846 285.7666548542502 235.76407191303923 184.7182803202431 
34.632355178116256 371.1039517902263 361.45717821229465 158.43653019068407 286.0671772531697 
527.8786180275894 175.069563071745 314.5695739453528 244.91390025054793 261.35416306076 
120.01330148710355 202.8706039948242 599.0174230894543 490.416873049415 489.1677089372885 
384.22477539126066 494.2511691686866 324.73235966103414 136.00515998239513 548.1562622628057 
351.9111508608725 34.12636871732582 544.1518898420289 64.35620103483546 455.0919359396703 
331.28340491779545 313.9776062421332 164.32543992713272 237.63838457879035 238.8569546663107 
74.80766952804208 499.22570352684244 359.2667327538747 162.08517172796323 181.35161915806012 
