500.01455522233647 240.0101320146205 99.74702306431837 29.358844870128287 398.163262700525 
411.73920249412794 459.1286323425193 311.352141805324 252.0825351524888 235.7418748669367 
143.43274944845572 319.2535105399655 190.26113350495564 94.52974237938766 100.61381504388521 
305.78292187798434 252.48102588871163 425.7227743128001 457.0286280224654 401.78989439951147 
210.72550822783046 36.739468242341026 505.71811147414866 303.6395168181154 358.1352743384869 
305.99199589754215 69.96363368917274 19.955187980498494 361.71588734426376 397.5397930343922 
400.3212587087851 367.17117939790506 399.4994802287412 241.1543601381645 388.3367439989411 
28.34807490707535 427.8639473424744 154.74867593813278 505.14470818288726 114.7043301857395 
49.71274153250087 111.12416564197935 498.1548646399653 294.31701044577585 79.21842322748361 
275.98845823298467 504.0285688179049 177.44484099560924 23.832997915535493 69.19703492528622 
361.1488246603912 272.92667742374795 329.2682591283473 126.17182803165149 29.78672605098253 
455.10858597438806 358.1492217974381 161.44998037247038 153.16761651090516 505.75254773472824 
198.04376251331172 361.3158952609291 417.6400659863816 420.3800405348574 19.57163723501636 
57.469559950362225 495.1506387639237 293.50353825689064 330.29592965095515 58.68446256854969 
476.22783074601887 222.19902871731426 95.1001268154763 142.40810405140707 326.67809424628706 
292.4728245125037 318.7538938885432 333.2582649133536 26.197108744409938 337.87557055098875 
311.3707185259803 220.36814385080487 172.09957711306683 284.8167934429466 482.4605153740472 
190.5335093896236 456.37040400866584 24.03292254752886 134.28026808357868 79.11495549594315 
49.240696125588116 372.66207196914746 350.18603399073186 365.64844333939067 47.49139257695877 
316.37862878732733 198.68913183454862 166.11717914993068 270.6879092223083 346.0407244697013 
98.9199307906311 398.8380513355498 313.5487653926209 328.30383219314166 318.20214687281504 
125.91560602148799 387.6513868433286 474.65354094557284 197.44087499233464 197.2168922116551 
110.67819122148791 98.3106038471364 325.02755702429573 448.82006260068044 26.40609399834392 
473.461486651898 504.9647602683743 332.89007986368665 263.6424703730031 236.2674356376707 
489.9142162480059 480.93445543042793 367.3109234399664 392.1052498669507 74.8709309050482 
327.39234449385225 459.8896892352772 118.49287760937904 272.1667900571508 45.50992798501773 
16.406025228746003 178.1529138753054 413.50648980126476 172.4552972310045 161.1896252185533 
381.6672566866097 149.73918220291444 425.6260812268465 19.58817250240346 164.17580159397065 
444.0687590869213 337.10267833554633 282.8481972161111 465.5725773530599 279.40601898288025 
458.2004627323584 269.3643385379214 228.65231030226846 425.5658225803028 11.073913089079836 
